4
3 4 200
1 1000 2000
2 2 60
5 5 1000
1
1000 1000 1
2
1000 1000 1
1 20 50
50
1 1 40000000
1 1 40000000
1 1 40000000
1 1 40000000
1 1 40000000
1 1 40000000
1 1 40000000
1 1 40000000
1 1 40000000
1 1 40000000
1 1 40000000
1 1 40000000
1 1 40000000
1 1 40000000
1 1 40000000
1 1 40000000
1 1 40000000
1 1 40000000
1 1 40000000
1 1 40000000
1 1 40000000
1 1 40000000
1 1 40000000
1 1 40000000
1 1 40000000
1 1 40000000
1 1 40000000
1 1 40000000
1 1 40000000
1 1 40000000
1 1 40000000
1 1 40000000
1 1 40000000
1 1 40000000
1 1 40000000
1 1 40000000
1 1 40000000
1 1 40000000
1 1 40000000
1 1 40000000
1 1 40000000
1 1 40000000
1 1 40000000
1 1 40000000
1 1 40000000
1 1 40000000
1 1 40000000
1 1 40000000
1 1 40000000
1 1 40000000
